$GPS   Date     Time    Latitude    Longitude    Speed Course heading $MET Batt Ref Wmax True_wind Raw_wind ATemp Humi Pressure Dew SR RF $SST STemp Sal Pu depth
$GPS 11/08/11 12:01:00 0958.257 N 07614.625 E    5.04  91.10  90.7 $MET 11.5 1984.0  5.3  4.8 181.9 27.9 84.6 1009.9 23.3 1007.4  0.0 $SST 27.5 35.0 0  15.1
$GPS 11/08/11 12:02:00 0958.227 N 07614.612 E    5.12  91.55  90.3 $MET 11.5 1984.0  4.9  4.5 186.7 28.0 84.5 1010.0 24.7 1010.9  0.0 $SST 27.4 35.0 0  15.4
$GPS 11/08/11 12:03:00 0958.203 N 07614.596 E    5.09  91.47  90.5 $MET 11.5 1984.0  4.8  4.3 182.5 28.1 84.9 1010.1 24.7 1019.6  0.0 $SST 27.4 35.0 0  15.8
$GPS 11/08/11 12:04:00 0958.230 N 07614.593 E    5.14  92.17  90.5 $MET 11.5 1984.0  5.2  4.2 185.8 28.0 84.6 1010.2 23.1 954.3  0.0 $SST 27.4 35.0 0  15.5
$GPS 11/08/11 12:05:00 0958.224 N 07614.615 E    5.24  92.73  90.9 $MET 11.5 1984.0  4.8  4.4 185.9 28.1 84.6 1010.1 23.5 974.6  0.0 $SST 27.4 35.0 0  15.0
$GPS 11/08/11 12:06:00 0958.199 N 07614.589 E    5.25  93.41  90.0 $MET 11.5 1984.0  5.4  4.4 186.6 28.1 84.2 1010.1 26.0 960.1  0.0 $SST 27.3 35.0 0  14.9
$GPS 11/08/11 12:07:00 0958.171 N 07614.616 E    5.35  91.83  90.6 $MET 11.5 1984.0  5.3  4.3 189.9 28.0 84.4 1010.2 23.4 1042.6  0.0 $SST 27.4 35.0 0  15.0
$GPS 11/08/11 12:08:00 0958.194 N 07614.591 E    5.26  93.48  91.3 $MET 11.5 1984.0  4.9  4.5 194.8 27.9 83.9 1010.1 23.5 1033.4  0.0 $SST 27.3 35.0 0  15.3
$GPS 11/08/11 12:09:00 0958.206 N 07614.598 E    5.30  94.86  92.0 $MET 11.5 1984.0  5.1  4.4 195.6 28.0 84.3 1010.1 26.2 1041.4  0.0 $SST 27.3 35.0 0  14.9
$GPS 11/08/11 12:10:00 0958.217 N 07614.599 E    5.40  94.94  91.5 $MET 11.5 1984.0  4.6  4.5 192.5 28.0 84.2 1010.0 23.0 1032.5  0.0 $SST 27.3 35.0 0  15.1
$GPS 11/08/11 12:11:00 0958.213 N 07614.573 E    5.40  96.43  91.2 $MET 11.5 1984.0  4.4  4.4 192.4 28.1 84.2 1010.0 24.0 982.1  0.0 $SST 27.2 35.0 0  15.1
$GPS 11/08/11 12:12:00 0958.202 N 07614.550 E    5.39  95.83  91.8 $MET 11.5 1984.0  5.1  4.7 194.8 28.1 83.9 1009.9 25.5 1018.0  0.0 $SST 27.2 35.0 0  14.7
$GPS 11/08/11 12:13:00 0958.180 N 07614.570 E    5.42  96.27  92.6 $MET 11.5 1984.0  5.0  4.9 197.8 28.1 83.6 1009.9 25.9 984.6  0.0 $SST 27.2 35.0 0  14.7
$GPS 11/08/11 12:14:00 0958.153 N 07614.559 E    5.35  97.59  93.0 $MET 11.5 1984.0  5.3  4.9 194.5 28.1 83.5 1009.8 24.9 1025.7  0.0 $SST 27.2 35.0 0  15.1
$GPS 11/08/11 12:15:00 0958.173 N 07614.533 E    5.39  97.44  93.4 $MET 11.5 1984.0  5.2  4.6 198.1 28.0 83.1 1009.8 26.3 989.8  0.0 $SST 27.2 35.0 0  14.8
$GPS 11/08/11 12:16:00 0958.184 N 07614.557 E    5.36  98.09  92.9 $MET 11.5 1984.0  4.8  4.5 200.4 27.9 82.9 1009.8 25.0 982.1  0.0 $SST 27.2 35.0 0  15.2
$GPS 11/08/11 12:17:00 0958.208 N 07614.553 E    5.39  96.44  92.2 $MET 11.5 1984.0  5.2  4.3 203.0 27.9 83.0 1009.7 24.0 1017.3  0.0 $SST 27.2 35.0 0  15.6
$GPS 11/08/11 12:18:00 0958.185 N 07614.542 E    5.30  96.03  92.9 $MET 11.5 1984.0  4.6  4.4 204.1 27.8 83.2 1009.7 25.9 973.4  0.0 $SST 27.2 35.0 0  15.2
$GPS 11/08/11 12:19:00 0958.212 N 07614.534 E    5.26  96.73  93.4 $MET 11.5 1984.0  4.6  4.5 202.7 27.8 83.5 1009.6 26.4 1028.0  0.0 $SST 27.2 35.0 0  15.4
$GPS 11/08/11 12:20:00 0958.236 N 07614.524 E    5.25  97.24  94.3 $MET 11.5 1984.0  5.4  4.6 200.8 27.7 83.3 1009.6 26.2 952.0  0.0 $SST 27.2 35.0 0  15.4
$GPS 11/08/11 12:21:00 0958.226 N 07614.521 E    5.18  98.64  95.3 $MET 11.5 1984.0  5.1  4.9 196.0 27.8 83.8 1009.5 24.5 995.5  0.0 $SST 27.2 35.0 0  15.7
$GPS 11/08/11 12:22:00 0958.248 N 07614.502 E    5.10  97.81  95.1 $MET 11.5 1984.0  5.7  5.0 196.9 27.8 83.3 1009.5 23.2 1016.7  0.0 $SST 27.2 35.0 0  15.9
$GPS 11/08/11 12:23:00 0958.266 N 07614.489 E    5.15  97.98  95.7 $MET 11.5 1984.0  5.7  4.8 198.3 27.9 83.4 1009.6 26.8 1039.9  0.0 $SST 27.2 35.0 0  15.9
$GPS 11/08/11 12:24:00 0958.273 N 07614.496 E    5.23  97.44  95.9 $MET 11.5 1984.0  5.2  4.9 202.1 27.9 83.0 1009.6 23.5 1019.0  0.0 $SST 27.2 35.0 0  16.2
$GPS 11/08/11 12:25:00 0958.244 N 07614.500 E    5.14  99.21  96.1 $MET 11.5 1984.0  6.1  5.1 200.0 28.0 83.1 1009.5 23.5 1032.7  0.0 $SST 27.2 35.0 0  16.5
$GPS 11/08/11 12:26:00 0958.219 N 07614.477 E    5.06  98.49  96.1 $MET 11.5 1984.0  5.7  5.4 199.1 27.9 83.6 1009.5 25.5 968.3  0.0 $SST 27.2 35.0 0  16.6
$GPS 11/08/11 12:27:00 0958.218 N 07614.501 E    5.10  99.07  95.8 $MET 11.5 1984.0  5.5  5.2 203.2 27.9 83.7 1009.5 25.9 1000.1  0.0 $SST 27.2 35.0 0  16.8
$GPS 11/08/11 12:28:00 0958.201 N 07614.474 E    5.19  97.58  95.2 $MET 11.5 1984.0  6.2  5.4 205.1 28.0 83.7 1009.5 23.6 991.2  0.0 $SST 27.2 35.0 0  17.3
$GPS 11/08/11 12:29:00 0958.213 N 07614.504 E    5.24  96.12  94.6 $MET 11.5 1984.0  5.4  5.2 203.2 27.9 84.0 1009.4 26.6 1010.2  0.0 $SST 27.2 35.0 0  17.1
$GPS 11/08/11 12:30:00 0958.213 N 07614.507 E    5.22  97.06  94.9 $MET 11.5 1984.0  6.2  5.3 199.2 27.9 84.5 1009.4 25.7 974.9  0.0 $SST 27.3 35.0 0  17.5
$GPS 11/08/11 12:31:00 0958.205 N 07614.499 E    5.28  97.89  94.5 $MET 11.5 1984.0  5.5  5.3 200.8 27.9 84.9 1009.4 23.1 1005.8  0.0 $SST 27.2 35.0 0  17.3
$GPS 11/08/11 12:32:00 0958.232 N 07614.475 E    5.30  97.50  94.2 $MET 11.5 1984.0  5.6  5.5 198.4 27.9 84.7 1009.4 24.8 966.1  0.0 $SST 27.2 35.0 0  16.9
$GPS 11/08/11 12:33:00 0958.234 N 07614.462 E    5.24  95.64  93.6 $MET 11.5 1984.0  6.1  5.3 202.9 27.9 85.0 1009.3 25.6 1047.2  0.0 $SST 27.2 35.0 0  16.8
$GPS 11/08/11 12:34:00 0958.243 N 07614.479 E    5.17  95.19  93.4 $MET 11.5 1984.0  5.7  5.1 204.0 27.9 85.0 1009.3 23.5 974.3  0.0 $SST 27.2 35.0 0  17.2
$GPS 11/08/11 12:35:00 0958.241 N 07614.452 E    5.13  96.84  93.4 $MET 11.5 1984.0  5.3  5.1 204.4 27.9 84.9 1009.3 24.7 985.7  0.0 $SST 27.2 35.0 0  16.8
$GPS 11/08/11 12:36:00 0958.237 N 07614.424 E    5.09  95.05  92.9 $MET 11.5 1984.0  5.9  5.0 209.2 27.9 85.4 1009.4 26.6 992.1  0.0 $SST 27.3 35.0 0  16.8
$GPS 11/08/11 12:37:00 0958.258 N 07614.403 E    5.05  95.23  92.8 $MET 11.5 1984.0  6.2  5.2 204.7 27.9 85.5 1009.4 24.5 970.2  0.0 $SST 27.3 35.0 0  17.0
$GPS 11/08/11 12:38:00 0958.250 N 07614.382 E    4.97  93.52  92.5 $MET 11.5 1984.0  5.8  5.4 205.7 27.8 85.8 1009.3 25.7 1007.2  0.0 $SST 27.3 35.0 0  16.6
$GPS 11/08/11 12:39:00 0958.280 N 07614.389 E    4.93  91.63  93.4 $MET 11.5 1984.0  6.6  5.7 201.3 27.7 85.9 1009.3 24.0 1002.3  0.0 $SST 27.2 35.0 0  16.7
$GPS 11/08/11 12:40:00 0958.269 N 07614.403 E    4.87  89.77  93.1 $MET 11.5 1984.0  6.1  5.7 204.2 27.8 86.3 1009.4 25.1 995.8  0.0 $SST 27.2 35.0 0  16.7
$GPS 11/08/11 12:41:00 0958.273 N 07614.411 E    4.79  90.39  92.2 $MET 11.5 1984.0  6.3  5.6 206.3 27.9 85.9 1009.5 23.2 998.9  0.0 $SST 27.3 35.0 0  16.6
$GPS 11/08/11 12:42:00 0958.272 N 07614.402 E    4.89  91.07  93.2 $MET 11.5 1984.0  6.5  5.6 205.2 27.9 86.2 1009.5 26.4 950.6  0.0 $SST 27.3 35.0 0  17.1
$GPS 11/08/11 12:43:00 0958.269 N 07614.413 E    4.87  92.18  93.9 $MET 11.5 1984.0  5.6  5.5 204.8 27.9 85.9 1009.5 25.4 982.6  0.0 $SST 27.3 35.0 0  17.4
$GPS 11/08/11 12:44:00 0958.267 N 07614.415 E    4.96  92.06  93.6 $MET 11.5 1984.0  6.3  5.7 203.8 27.9 86.3 1009.6 25.8 969.8  0.0 $SST 27.2 35.0 0  17.9
$GPS 11/08/11 12:45:00 0958.280 N 07614.426 E    4.96  93.85  93.4 $MET 11.5 1984.0  6.0  5.8 201.1 27.9 86.6 1009.6 23.0 1004.5  0.0 $SST 27.3 35.0 0  17.9
$GPS 11/08/11 12:46:00 0958.279 N 07614.402 E    4.89  95.08  93.7 $MET 11.5 1984.0  5.8  5.7 205.7 27.8 86.9 1009.5 24.2 996.8  0.0 $SST 27.3 35.0 0  17.8
$GPS 11/08/11 12:47:00 0958.308 N 07614.423 E    4.93  94.44  93.3 $MET 11.5 1984.0  6.0  5.4 201.2 27.7 86.6 1009.5 24.8 977.3  0.0 $SST 27.3 35.0 0  18.0
$GPS 11/08/11 12:48:00 0958.330 N 07614.433 E    5.00  93.13  93.4 $MET 11.5 1984.0  6.1  5.6 199.8 27.8 86.4 1009.5 24.3 1011.5  0.0 $SST 27.2 35.0 0  17.8
$GPS 11/08/11 12:49:00 0958.308 N 07614.420 E    4.91  91.48  92.6 $MET 11.5 1984.0  6.5  5.6 195.6 27.8 86.0 1009.4 26.5 977.6  0.0 $SST 27.2 35.0 0  17.6
$GPS 11/08/11 12:50:00 0958.335 N 07614.395 E    4.98  90.24  92.7 $MET 11.5 1984.0  6.8  5.8 198.8 27.9 86.3 1009.4 23.3 977.5  0.0 $SST 27.2 35.0 0  17.9
$GPS 11/08/11 12:51:00 0958.357 N 07614.412 E    5.03  91.76  92.0 $MET 11.5 1984.0  6.4  5.6 196.4 28.0 85.9 1009.3 24.6 980.0  0.0 $SST 27.2 35.0 0  18.2
$GPS 11/08/11 12:52:00 0958.331 N 07614.410 E    5.12  93.65  91.4 $MET 11.5 1984.0  6.3  5.6 193.4 28.1 85.6 1009.4 26.6 971.3  0.0 $SST 27.2 35.0 0  18.4
$GPS 11/08/11 12:53:00 0958.341 N 07614.425 E    5.18  92.03  90.6 $MET 11.5 1984.0  6.1  5.4 193.6 28.2 85.9 1009.4 26.8 983.7  0.0 $SST 27.2 35.0 0  18.2
$GPS 11/08/11 12:54:00 0958.354 N 07614.399 E    5.27  91.51  90.4 $MET 11.5 1984.0  6.1  5.3 191.5 28.3 86.2 1009.3 27.0 1037.4  0.0 $SST 27.2 35.0 0  17.9
$GPS 11/08/11 12:55:00 0958.381 N 07614.424 E    5.34  92.93  90.8 $MET 11.5 1984.0  5.8  5.2 192.6 28.2 86.0 1009.3 27.2 986.8  0.0 $SST 27.1 35.0 0  17.9
$GPS 11/08/11 12:56:00 0958.386 N 07614.400 E    5.35  91.59  91.1 $MET 11.5 1984.0  5.2  5.0 188.1 28.2 85.7 1009.2 23.7 972.9  0.0 $SST 27.1 35.0 0  18.1
$GPS 11/08/11 12:57:00 0958.407 N 07614.376 E    5.36  91.53  90.6 $MET 11.5 1984.0  5.8  5.1 183.9 28.2 85.7 1009.3 26.6 1039.2  0.0 $SST 27.2 35.0 0  17.8
$GPS 11/08/11 12:58:00 0958.420 N 07614.352 E    5.28  89.87  90.5 $MET 11.5 1984.0  5.7  4.9 180.9 28.3 85.7 1009.3 26.1 1038.8  0.0 $SST 27.2 35.0 0  17.5
$GPS 11/08/11 12:59:00 0958.439 N 07614.364 E    5.22  91.64  90.5 $MET 11.5 1984.0  6.0  5.1 180.5 28.3 85.7 1009.2 24.8 967.4  0.0 $SST 27.2 35.0 0  17.5
$GPS 11/08/11 13:00:00 0958.433 N 07614.356 E    5.14  92.77  89.7 $MET 11.5 1984.0  6.0  5.2 176.5 28.3 86.1 1009.2 26.1 835.0  0.0 $SST 27.2 35.0 0  17.2
$GPS 11/08/11 13:01:00 0958.418 N 07614.340 E    5.22  92.23  89.0 $MET 11.5 1984.0  5.9  5.4 172.1 28.4 86.2 1009.1 24.6 773.2  0.0 $SST 27.2 35.0 0  17.6
$GPS 11/08/11 13:02:00 0958.391 N 07614.363 E    5.21  93.60  88.5 $MET 11.5 1984.0  6.2  5.5 169.9 28.4 86.0 1009.1 25.0 807.0  0.0 $SST 27.1 35.0 0  17.6
$GPS 11/08/11 13:03:00 0958.415 N 07614.375 E    5.16  95.23  88.4 $MET 11.5 1984.0  5.7  5.2 173.3 28.5 85.8 1009.0 25.7 760.0  0.0 $SST 27.1 35.0 0  17.2
$GPS 11/08/11 13:04:00 0958.410 N 07614.367 E    5.17  96.72  89.3 $MET 11.5 1984.0  5.1  5.1 174.2 28.4 85.8 1009.1 26.2 768.4  0.0 $SST 27.1 35.0 0  16.9
$GPS 11/08/11 13:05:00 0958.396 N 07614.354 E    5.22  98.51  88.9 $MET 11.5 1984.0  5.7  5.4 170.8 28.4 85.8 1009.0 27.2 834.7  0.0 $SST 27.1 35.0 0  17.0
$GPS 11/08/11 13:06:00 0958.412 N 07614.327 E    5.18  98.06  89.1 $MET 11.5 1984.0  6.1  5.4 166.0 28.3 85.7 1009.0 26.1 763.6  0.0 $SST 27.1 35.0 0  17.3
$GPS 11/08/11 13:07:00 0958.434 N 07614.318 E    5.12  97.44  89.3 $MET 11.5 1984.0  6.0  5.4 164.4 28.3 85.5 1009.0 27.3 822.4  0.0 $SST 27.1 35.0 0  17.1
$GPS 11/08/11 13:08:00 0958.458 N 07614.348 E    5.08  98.78  88.5 $MET 11.5 1984.0  5.7  5.7 162.3 28.4 85.6 1009.0 23.8 776.9  0.0 $SST 27.1 35.0 0  16.8
$GPS 11/08/11 13:09:00 0958.470 N 07614.331 E    5.04  98.68  87.8 $MET 11.5 1984.0  6.0  5.6 163.1 28.3 85.6 1008.9 25.8 813.6  0.0 $SST 27.1 35.0 0  16.8
$GPS 11/08/11 13:10:00 0958.468 N 07614.309 E    5.01  97.87  88.5 $MET 11.5 1984.0  6.4  5.7 163.4 28.3 85.8 1008.9 25.5 825.4  0.0 $SST 27.2 35.0 0  16.3
$GPS 11/08/11 13:11:00 0958.492 N 07614.291 E    5.01  96.32  88.7 $MET 11.5 1984.0  6.0  5.5 160.6 28.3 85.9 1008.9 24.0 808.1  0.0 $SST 27.2 35.0 0  16.5
$GPS 11/08/11 13:12:00 0958.509 N 07614.264 E    5.00  96.30  87.9 $MET 11.5 1984.0  5.5  5.4 156.6 28.3 86.2 1009.0 26.3 846.0  0.0 $SST 27.2 35.0 0  16.9
$GPS 11/08/11 13:13:00 0958.505 N 07614.292 E    5.03  96.78  87.1 $MET 11.5 1984.0  5.6  5.5 153.4 28.3 85.9 1009.0 25.0 764.0  0.0 $SST 27.2 35.0 0  17.1
$GPS 11/08/11 13:14:00 0958.525 N 07614.266 E    5.07  97.74  87.2 $MET 11.5 1984.0  5.8  5.5 157.2 28.2 85.7 1009.0 24.2 776.1  0.0 $SST 27.2 35.0 0  17.5
$GPS 11/08/11 13:15:00 0958.498 N 07614.244 E    5.03  95.74  88.1 $MET 11.5 1984.0  5.7  5.6 155.6 28.2 85.3 1009.0 25.2 803.5  0.2 $SST 27.2 35.0 0  17.2
$GPS 11/08/11 13:16:00 0958.516 N 07614.255 E    4.98  94.86  88.5 $MET 11.5 1984.0  6.3  5.4 152.1 28.3 85.3 1009.0 25.0 799.9  0.0 $SST 27.2 35.0 0  17.4
$GPS 11/08/11 13:17:00 0958.533 N 07614.225 E    4.90  93.48  88.2 $MET 11.5 1984.0  6.2  5.4 157.1 28.3 85.7 1009.1 25.2 810.5  0.0 $SST 27.2 35.0 0  17.5
$GPS 11/08/11 13:18:00 0958.555 N 07614.208 E    4.81  92.97  87.6 $MET 11.5 1984.0  5.3  5.2 157.1 28.2 85.3 1009.1 25.0 768.3  0.0 $SST 27.2 35.0 0  17.8
$GPS 11/08/11 13:19:00 0958.541 N 07614.231 E    4.91  92.53  86.9 $MET 11.5 1984.0  6.2  5.5 155.7 28.2 84.9 1009.1 24.0 798.6  0.0 $SST 27.3 35.0 0  17.4
$GPS 11/08/11 13:20:00 0958.543 N 07614.225 E    4.87  92.76  86.6 $MET 11.5 1984.0  6.4  5.7 160.5 28.1 85.1 1009.0 25.6 805.6  0.0 $SST 27.2 35.0 0  17.2
$GPS 11/08/11 13:21:00 0958.529 N 07614.238 E    4.88  92.34  86.5 $MET 11.5 1984.0  6.0  5.7 161.1 28.0 84.6 1009.1 23.8 754.2  0.0 $SST 27.2 35.0 0  17.5
$GPS 11/08/11 13:22:00 0958.504 N 07614.219 E    4.89  92.53  86.6 $MET 11.5 1984.0  6.3  5.6 156.9 28.0 84.9 1009.1 25.9 795.2  0.0 $SST 27.3 35.0 0  17.5
$GPS 11/08/11 13:23:00 0958.513 N 07614.201 E    4.94  90.88  87.1 $MET 11.5 1984.0  6.2  5.6 152.8 27.9 85.1 1009.1 23.8 785.4  0.0 $SST 27.3 35.0 0  17.6
$GPS 11/08/11 13:24:00 0958.504 N 07614.182 E    4.95  92.39  86.5 $MET 11.5 1984.0  6.4  5.5 149.4 27.9 84.7 1009.2 23.4 844.3  0.0 $SST 27.3 35.0 0  17.5
$GPS 11/08/11 13:25:00 0958.498 N 07614.163 E    5.02  93.01  85.8 $MET 11.5 1984.0  6.0  5.4 150.2 27.9 84.9 1009.2 23.5 825.1  0.0 $SST 27.3 35.0 0  17.1
$GPS 11/08/11 13:26:00 0958.514 N 07614.190 E    5.09  92.29  85.0 $MET 11.5 1984.0  6.3  5.6 145.5 27.9 85.2 1009.2 26.1 789.8  0.0 $SST 27.3 35.0 0  17.4
$GPS 11/08/11 13:27:00 0958.521 N 07614.216 E    5.05  92.69  84.9 $MET 11.5 1984.0  5.8  5.5 149.2 27.9 85.6 1009.3 23.9 806.7  0.0 $SST 27.4 35.0 0  17.4
$GPS 11/08/11 13:28:00 0958.506 N 07614.233 E    4.98  94.08  85.8 $MET 11.5 1984.0  6.7  5.8 146.7 27.8 85.4 1009.2 26.1 759.3  0.0 $SST 27.4 35.0 0  17.0
$GPS 11/08/11 13:29:00 0958.517 N 07614.237 E    5.05  95.72  84.9 $MET 11.5 1984.0  6.1  5.6 147.7 27.7 85.8 1009.1 25.7 775.2  0.0 $SST 27.4 35.0 0  16.6
$GPS 11/08/11 13:30:00 0958.543 N 07614.217 E    4.96  95.40  84.6 $MET 11.5 1984.0  6.4  5.6 148.6 27.7 86.1 1009.1 24.3 780.4  0.0 $SST 27.4 35.0 0  17.0
$GPS 11/08/11 13:31:00 0958.519 N 07614.222 E    4.92  96.87  83.8 $MET 11.5 1984.0  6.1  5.4 151.3 27.8 86.5 1009.0 24.1 782.5  0.0 $SST 27.3 35.0 0  17.0
$GPS 11/08/11 13:32:00 0958.509 N 07614.212 E    4.96  97.05  83.4 $MET 11.5 1984.0  5.9  5.3 154.1 27.8 86.4 1008.9 26.6 760.4  0.0 $SST 27.3 35.0 0  17.2
$GPS 11/08/11 13:33:00 0958.533 N 07614.197 E    5.05  97.51  82.9 $MET 11.5 1984.0  5.8  5.5 154.3 27.8 86.2 1008.9 26.1 793.3  0.0 $SST 27.3 35.0 0  17.1
$GPS 11/08/11 13:34:00 0958.511 N 07614.167 E    5.05  98.06  82.4 $MET 11.5 1984.0  5.5  5.2 154.3 27.7 86.7 1008.9 22.9 774.4  0.0 $SST 27.3 35.0 0  17.4
$GPS 11/08/11 13:35:00 0958.528 N 07614.160 E    5.07 100.05  82.6 $MET 11.5 1984.0  5.2  5.2 154.2 27.8 87.2 1009.0 24.1 827.6  0.0 $SST 27.3 35.0 0  17.4
$GPS 11/08/11 13:36:00 0958.502 N 07614.140 E    5.04  99.00  83.0 $MET 11.5 1984.0  5.5  5.2 158.0 27.9 87.7 1008.9 23.4 825.9  0.0 $SST 27.3 35.0 0  17.2
$GPS 11/08/11 13:37:00 0958.500 N 07614.149 E    4.95  98.63  82.1 $MET 11.5 1984.0  5.1  4.9 162.2 27.9 88.1 1008.9 23.8 807.5  0.0 $SST 27.3 35.0 0  17.3
$GPS 11/08/11 13:38:00 0958.488 N 07614.157 E    4.92  96.88  81.6 $MET 11.5 1984.0  5.5  5.2 166.5 27.8 87.9 1008.9 25.8 752.6  0.0 $SST 27.3 35.0 0  17.1
$GPS 11/08/11 13:39:00 0958.506 N 07614.136 E    4.90  98.66  81.0 $MET 11.5 1984.0  5.3  5.1 168.9 27.9 87.9 1009.0 23.1 823.8  0.0 $SST 27.3 35.0 0  17.5
$GPS 11/08/11 13:40:00 0958.509 N 07614.114 E    4.83  99.38  81.9 $MET 11.5 1984.0  6.1  5.4 165.0 27.8 87.8 1009.1 26.2 790.9  0.0 $SST 27.3 35.0 0  17.3
$GPS 11/08/11 13:41:00 0958.495 N 07614.111 E    4.87 100.16  81.7 $MET 11.5 1984.0  6.3  5.3 168.8 27.8 87.4 1009.1 23.6 752.5  0.0 $SST 27.3 35.0 0  17.2
$GPS 11/08/11 13:42:00 0958.489 N 07614.127 E    4.92  98.62  81.5 $MET 11.5 1984.0  5.8  5.5 164.8 27.9 87.4 1009.1 25.2 828.3  0.0 $SST 27.3 35.0 0  16.9
$GPS 11/08/11 13:43:00 0958.485 N 07614.150 E    4.92  99.65  81.4 $MET 11.5 1984.0  6.6  5.6 161.8 27.9 87.7 1009.1 24.2 844.8  0.0 $SST 27.3 35.0 0  16.8
$GPS 11/08/11 13:44:00 0958.461 N 07614.164 E    4.93 100.27  80.5 $MET 11.5 1984.0  6.3  5.5 156.9 27.9 87.8 1009.2 23.2 767.1  0.0 $SST 27.2 35.0 0  16.8
$GPS 11/08/11 13:45:00 0958.489 N 07614.156 E    4.94 102.12  80.8 $MET 11.5 1984.0  5.9  5.7 156.8 27.8 87.4 1009.2 25.6 787.1  0.0 $SST 27.3 35.0 0  16.7
$GPS 11/08/11 13:46:00 0958.476 N 07614.152 E    4.96 102.79  80.7 $MET 11.5 1984.0  6.8  5.9 155.4 27.8 87.7 1009.1 24.0 789.7  0.0 $SST 27.2 35.0 0  17.2
$GPS 11/08/11 13:47:00 0958.497 N 07614.170 E    4.95 102.91  80.1 $MET 11.5 1984.0  6.2  6.0 153.3 27.7 88.1 1009.2 24.5 832.7  0.0 $SST 27.3 35.0 0  17.0
$GPS 11/08/11 13:48:00 0958.482 N 07614.184 E    4.87 101.73  80.0 $MET 11.5 1984.0  7.1  6.2 149.1 27.8 87.6 1009.2 25.6 803.3  0.0 $SST 27.3 35.0 0  16.6
$GPS 11/08/11 13:49:00 0958.468 N 07614.162 E    4.81 100.35  79.6 $MET 11.5 1984.0  6.2  6.2 154.1 27.7 87.8 1009.2 24.7 780.5  0.0 $SST 27.3 35.0 0  16.7
$GPS 11/08/11 13:50:00 0958.450 N 07614.133 E    4.85  99.31  79.1 $MET 11.5 1984.0  6.2  6.1 159.0 27.8 87.7 1009.3 26.0 791.6  0.0 $SST 27.2 35.0 0  16.9
$GPS 11/08/11 13:51:00 0958.424 N 07614.156 E    4.95  97.98  78.3 $MET 11.5 1984.0  6.9  6.0 163.6 27.8 87.4 1009.3 24.6 770.8  0.0 $SST 27.3 35.0 0  17.0
$GPS 11/08/11 13:52:00 0958.398 N 07614.160 E    4.96  97.86  77.5 $MET 11.5 1984.0  7.2  6.3 163.8 27.7 87.4 1009.4 24.7 793.4  0.0 $SST 27.3 35.0 0  16.6
$GPS 11/08/11 13:53:00 0958.405 N 07614.175 E    4.88  98.09  76.6 $MET 11.5 1984.0  6.4  6.3 161.3 27.6 86.9 1009.4 26.0 842.0  0.0 $SST 27.3 35.0 0  17.0
$GPS 11/08/11 13:54:00 0958.433 N 07614.197 E    4.82  98.85  77.5 $MET 11.5 1984.0  6.9  6.2 163.5 27.6 87.1 1009.4 24.8 786.0  0.0 $SST 27.3 35.0 0  17.1
$GPS 11/08/11 13:55:00 0958.426 N 07614.168 E    4.73 100.06  76.8 $MET 11.5 1984.0  6.6  6.4 158.7 27.5 87.0 1009.4 24.4 793.2  0.0 $SST 27.3 35.0 0  17.0
$GPS 11/08/11 13:56:00 0958.417 N 07614.163 E    4.74  98.76  76.9 $MET 11.5 1984.0  7.4  6.5 155.0 27.5 86.6 1009.3 22.7 792.2  0.0 $SST 27.3 35.0 0  17.0
$GPS 11/08/11 13:57:00 0958.443 N 07614.164 E    4.72  98.12  76.8 $MET 11.5 1984.0  6.4  6.4 152.3 27.5 86.5 1009.4 23.1 824.6  0.0 $SST 27.3 35.0 0  16.7
$GPS 11/08/11 13:58:00 0958.444 N 07614.140 E    4.69  97.14  77.0 $MET 11.5 1984.0  6.9  6.1 147.8 27.4 86.0 1009.3 22.5 781.7  0.0 $SST 27.2 35.0 0  16.5
$GPS 11/08/11 13:59:00 0958.421 N 07614.134 E    4.60  96.63  76.0 $MET 11.5 1984.0  6.3  6.2 151.1 27.4 86.1 1009.4 25.7 793.3  0.0 $SST 27.2 35.0 0  16.3
$GPS 11/08/11 14:00:00 0958.436 N 07614.159 E    4.54  95.31  76.9 $MET 11.5 1984.0  6.7  6.2 150.4 27.3 86.0 1009.5 25.6 619.9  0.0 $SST 27.2 35.0 0  16.1
$GPS 11/08/11 14:01:00 0958.426 N 07614.171 E    4.59  95.00  76.7 $MET 11.5 1984.0  7.4  6.4 145.7 27.4 85.7 1009.5 23.2 610.3  0.0 $SST 27.2 35.0 0  16.6
$GPS 11/08/11 14:02:00 0958.455 N 07614.144 E    4.55  94.63  76.7 $MET 11.5 1984.0  7.2  6.5 144.9 27.4 86.2 1009.6 24.1 624.9  0.0 $SST 27.2 35.0 0  16.6
$GPS 11/08/11 14:03:00 0958.450 N 07614.119 E    4.48  93.42  76.1 $MET 11.5 1984.0  7.5  6.8 140.9 27.4 85.7 1009.6 23.0 599.5  0.0 $SST 27.2 35.0 0  17.0
$GPS 11/08/11 14:04:00 0958.432 N 07614.146 E    4.38  91.97  76.1 $MET 11.5 1984.0  7.3  6.7 137.7 27.3 85.8 1009.7 23.7 637.6  0.0 $SST 27.2 35.0 0  16.6
$GPS 11/08/11 14:05:00 0958.417 N 07614.144 E    4.37  92.43  76.3 $MET 11.5 1984.0  7.3  6.9 134.2 27.3 86.0 1009.7 23.8 636.6  0.0 $SST 27.1 35.0 0  16.4
$GPS 11/08/11 14:06:00 0958.440 N 07614.173 E    4.40  91.86  75.8 $MET 11.5 1984.0  7.7  7.0 135.7 27.4 85.7 1009.7 24.3 578.1  0.0 $SST 27.1 35.0 0  16.6
$GPS 11/08/11 14:07:00 0958.453 N 07614.151 E    4.40  93.86  76.1 $MET 11.5 1984.0  7.7  7.3 140.5 27.4 85.6 1009.7 25.6 559.1  0.0 $SST 27.1 35.0 0  16.9
$GPS 11/08/11 14:08:00 0958.433 N 07614.127 E    4.48  94.02  75.8 $MET 11.5 1984.0  7.8  7.4 143.5 27.3 86.0 1009.7 22.4 628.0  0.0 $SST 27.1 35.0 0  17.0
$GPS 11/08/11 14:09:00 0958.461 N 07614.127 E    4.53  95.16  75.3 $MET 11.5 1984.0  8.2  7.6 138.8 27.3 86.3 1009.7 24.0 555.4  0.0 $SST 27.1 35.0 0  16.6
$GPS 11/08/11 14:10:00 0958.479 N 07614.109 E    4.55  96.12  75.7 $MET 11.5 1984.0  8.4  7.5 143.5 27.2 86.0 1009.7 25.9 646.9  0.0 $SST 27.1 35.0 0  16.6
$GPS 11/08/11 14:11:00 0958.484 N 07614.130 E    4.61  95.05  76.0 $MET 11.5 1984.0  8.1  7.6 139.9 27.2 85.8 1009.8 23.8 571.6  0.0 $SST 27.1 35.0 0  16.8
$GPS 11/08/11 14:12:00 0958.475 N 07614.106 E    4.56  95.09  75.0 $MET 11.5 1984.0  8.2  7.7 137.1 27.3 85.8 1009.7 22.7 589.3  0.0 $SST 27.1 35.0 0  16.8
$GPS 11/08/11 14:13:00 0958.479 N 07614.113 E    4.54  94.88  74.1 $MET 11.5 1984.0  8.5  7.9 138.0 27.3 85.8 1009.6 24.1 639.8  0.0 $SST 27.1 35.0 0  17.0
$GPS 11/08/11 14:14:00 0958.470 N 07614.138 E    4.60  95.35  74.7 $MET 11.5 1984.0  8.2  8.0 140.0 27.4 86.2 1009.6 23.6 615.2  0.0 $SST 27.0 35.0 0  17.2
$GPS 11/08/11 14:15:00 0958.447 N 07614.138 E    4.57  93.61  74.6 $MET 11.5 1984.0  8.9  8.2 144.3 27.4 86.0 1009.7 25.1 596.8  0.0 $SST 27.0 35.1 0  17.3
$GPS 11/08/11 14:16:00 0958.421 N 07614.109 E    4.48  92.00  73.7 $MET 11.5 1984.0  8.0  8.0 146.6 27.4 86.2 1009.8 23.9 581.7  0.0 $SST 27.1 35.1 0  16.9
$GPS 11/08/11 14:17:00 0958.404 N 07614.100 E    4.54  92.91  73.1 $MET 11.5 1984.0  8.7  8.1 149.1 27.4 86.3 1009.9 24.0 601.1  0.0 $SST 27.0 35.1 0  17.0
$GPS 11/08/11 14:18:00 0958.404 N 07614.129 E    4.57  93.08  73.4 $MET 11.5 1984.0  9.0  8.2 149.1 27.3 86.7 1009.9 25.0 648.1  0.0 $SST 27.0 35.1 0  16.6
$GPS 11/08/11 14:19:00 0958.407 N 07614.142 E    4.67  91.11  73.8 $MET 11.5 1984.0  8.8  8.5 153.4 27.3 87.1 1009.9 25.3 597.3  0.0 $SST 27.0 35.1 0  16.6
$GPS 11/08/11 14:20:00 0958.413 N 07614.140 E    4.57  89.67  74.4 $MET 11.5 1984.0  8.8  8.7 155.8 27.3 86.6 1010.0 23.0 553.8  0.0 $SST 27.0 35.1 0  16.3
$GPS 11/08/11 14:21:00 0958.411 N 07614.131 E    4.48  89.94  75.1 $MET 11.5 1984.0  9.3  8.8 156.7 27.3 86.4 1009.9 22.3 647.1  0.0 $SST 27.0 35.1 0  16.4
$GPS 11/08/11 14:22:00 0958.386 N 07614.108 E    4.46  89.28  75.7 $MET 11.5 1984.0  9.6  8.7 158.9 27.3 86.0 1009.9 26.1 598.9  0.0 $SST 26.9 35.1 0  16.2
$GPS 11/08/11 14:23:00 0958.408 N 07614.122 E    4.43  91.03  75.0 $MET 11.5 1984.0  9.5  9.0 159.0 27.2 86.1 1009.9 23.3 604.9  0.0 $SST 27.0 35.1 0  16.2
$GPS 11/08/11 14:24:00 0958.414 N 07614.092 E    4.39  90.31  75.5 $MET 11.5 1984.0  9.7  8.8 157.0 27.3 86.3 1009.8 25.5 648.6  0.0 $SST 27.0 35.1 0  16.6
$GPS 11/08/11 14:25:00 0958.442 N 07614.075 E    4.34  89.90  76.0 $MET 11.5 1984.0 10.0  9.0 155.3 27.4 86.8 1009.9 25.2 634.8  0.0 $SST 26.9 35.1 0  16.4
$GPS 11/08/11 14:26:00 0958.412 N 07614.088 E    4.28  88.54  76.7 $MET 11.5 1984.0  9.5  9.0 159.6 27.4 87.2 1009.8 23.3 643.8  0.0 $SST 26.9 35.1 0  16.1
$GPS 11/08/11 14:27:00 0958.423 N 07614.115 E    4.21  89.26  76.8 $MET 11.5 1984.0  9.5  9.0 163.5 27.4 86.7 1009.7 23.6 624.7  0.0 $SST 27.0 35.1 0  15.9
$GPS 11/08/11 14:28:00 0958.407 N 07614.112 E    4.29  90.80  77.0 $MET 11.5 1984.0  9.6  9.0 161.1 27.4 87.1 1009.7 23.3 567.3  0.0 $SST 26.9 35.1 0  16.4
$GPS 11/08/11 14:29:00 0958.392 N 07614.126 E    4.26  91.86  77.4 $MET 11.5 1984.0  9.7  8.8 159.0 27.3 87.5 1009.8 25.9 615.6  0.0 $SST 26.9 35.1 0  16.5
$GPS 11/08/11 14:30:00 0958.391 N 07614.154 E    4.29  90.79  78.1 $MET 11.5 1984.0  9.2  8.5 156.7 27.4 87.7 1009.8 22.7 558.9  0.0 $SST 26.9 35.1 0  16.1
$GPS 11/08/11 14:31:00 0958.401 N 07614.152 E    4.28  90.28  77.7 $MET 11.5 1984.0  8.7  8.4 152.8 27.5 87.7 1009.8 23.8 613.2  0.0 $SST 26.8 35.1 0  16.2
$GPS 11/08/11 14:32:00 0958.405 N 07614.147 E    4.27  90.09  77.7 $MET 11.5 1984.0  8.4  8.2 149.6 27.4 87.9 1009.8 24.9 622.1  0.0 $SST 26.8 35.1 0  16.1
$GPS 11/08/11 14:33:00 0958.424 N 07614.155 E    4.18  90.80  78.3 $MET 11.5 1984.0  8.9  8.1 151.7 27.5 88.2 1009.9 24.4 579.4  0.0 $SST 26.8 35.1 0  16.4
$GPS 11/08/11 14:34:00 0958.396 N 07614.135 E    4.12  92.37  78.7 $MET 11.5 1984.0  8.7  8.3 155.7 27.5 88.4 1009.9 25.3 552.1  0.0 $SST 26.8 35.1 0  16.7
$GPS 11/08/11 14:35:00 0958.396 N 07614.110 E    4.05  93.87  77.9 $MET 11.5 1984.0  9.4  8.5 151.9 27.5 88.4 1009.8 24.6 634.3  0.0 $SST 26.9 35.1 0  16.4
$GPS 11/08/11 14:36:00 0958.391 N 07614.125 E    3.98  95.20  77.0 $MET 11.5 1984.0  8.6  8.2 153.3 27.6 88.0 1009.8 23.7 603.6  0.0 $SST 26.8 35.1 0  16.8
$GPS 11/08/11 14:37:00 0958.384 N 07614.119 E    3.95  95.80  77.0 $MET 11.5 1984.0  9.3  8.5 150.9 27.5 88.0 1009.9 24.0 595.8  0.0 $SST 26.8 35.1 0  16.8
$GPS 11/08/11 14:38:00 0958.383 N 07614.129 E    4.03  96.03  77.9 $MET 11.5 1984.0  9.0  8.4 151.1 27.4 88.1 1009.9 24.4 594.9  0.0 $SST 26.8 35.1 0  16.4
$GPS 11/08/11 14:39:00 0958.358 N 07614.104 E    4.05  94.59  77.5 $MET 11.5 1984.0  8.7  8.4 152.1 27.5 88.2 1009.9 23.5 551.5  0.0 $SST 26.8 35.0 0  16.3
$GPS 11/08/11 14:40:00 0958.359 N 07614.117 E    4.08  96.51  76.5 $MET 11.5 1984.0  8.6  8.3 150.6 27.5 88.0 1009.9 23.9 600.9  0.0 $SST 26.8 35.0 0  16.0
$GPS 11/08/11 14:41:00 0958.366 N 07614.111 E    3.98  96.80  77.2 $MET 11.5 1984.0  9.2  8.5 147.1 27.4 87.9 1009.9 22.6 566.1  0.0 $SST 26.8 35.1 0  15.8
$GPS 11/08/11 14:42:00 0958.340 N 07614.134 E    3.91  98.54  77.3 $MET 11.5 1984.0  8.4  8.2 150.1 27.5 88.4 1009.9 23.6 553.7  0.0 $SST 26.9 35.1 0  15.7
$GPS 11/08/11 14:43:00 0958.342 N 07614.121 E    3.88  97.14  77.6 $MET 11.4 1984.0  9.0  8.5 153.3 27.5 88.7 1009.9 24.0 613.9  0.0 $SST 26.8 35.1 0  16.1
$GPS 11/08/11 14:44:00 0958.356 N 07614.151 E    3.96  97.64  77.2 $MET 11.5 1984.0  9.0  8.6 155.0 27.6 88.8 1009.8 23.7 571.7  0.0 $SST 26.9 35.1 0  16.2
$GPS 11/08/11 14:45:00 0958.344 N 07614.154 E    3.92  98.04  76.3 $MET 11.4 1984.0  9.1  8.7 153.3 27.5 88.5 1009.8 23.9 599.5  0.0 $SST 26.9 35.1 0  15.9
$GPS 11/08/11 14:46:00 0958.351 N 07614.141 E    3.93  96.09  76.6 $MET 11.4 1984.0  8.7  8.4 155.1 27.5 88.1 1009.7 23.5 644.8  0.0 $SST 26.8 35.1 0  16.3
$GPS 11/08/11 14:47:00 0958.373 N 07614.156 E    3.84  96.36  76.4 $MET 11.5 1984.0  9.3  8.5 158.0 27.5 88.1 1009.7 25.0 581.9  0.0 $SST 26.9 35.1 0  16.2
$GPS 11/08/11 14:48:00 0958.377 N 07614.143 E    3.78  96.62  75.4 $MET 11.5 1984.0  8.9  8.3 154.4 27.4 87.9 1009.7 23.9 643.7  0.0 $SST 26.8 35.1 0  16.4
$GPS 11/08/11 14:49:00 0958.362 N 07614.171 E    3.72  96.86  74.9 $MET 11.5 1984.0  8.8  8.2 154.4 27.4 87.9 1009.7 24.4 564.7  0.0 $SST 26.9 35.0 0  16.6
$GPS 11/08/11 14:50:00 0958.392 N 07614.157 E    3.72  98.12  74.5 $MET 11.5 1984.0  9.0  8.4 157.8 27.4 88.3 1009.7 25.5 602.7  0.0 $SST 26.8 35.1 0  16.5
$GPS 11/08/11 14:51:00 0958.405 N 07614.136 E    3.78 100.04  74.0 $MET 11.5 1984.0  8.7  8.6 156.6 27.5 88.0 1009.8 23.0 627.4  0.0 $SST 26.8 35.0 0  16.2
$GPS 11/08/11 14:52:00 0958.405 N 07614.131 E    3.87 100.87  73.5 $MET 11.5 1984.0  9.0  8.3 156.9 27.4 88.0 1009.7 25.3 611.0  0.0 $SST 26.9 35.0 0  16.2
$GPS 11/08/11 14:53:00 0958.431 N 07614.102 E    3.90 101.66  73.4 $MET 11.5 1984.0  8.5  8.2 154.3 27.5 88.1 1009.7 25.7 631.1  0.0 $SST 26.9 35.0 0  16.0
$GPS 11/08/11 14:54:00 0958.450 N 07614.125 E    3.82 100.82  74.3 $MET 11.5 1984.0  8.1  8.0 152.4 27.4 87.9 1009.7 25.6 617.4  0.0 $SST 27.0 35.0 0  16.3
$GPS 11/08/11 14:55:00 0958.440 N 07614.119 E    3.75 100.33  74.2 $MET 11.5 1984.0  8.4  8.2 157.0 27.4 87.9 1009.7 26.4 642.3  0.0 $SST 27.0 35.0 0  16.7
$GPS 11/08/11 14:56:00 0958.453 N 07614.117 E    3.67  99.64  74.1 $MET 11.5 1984.0  8.3  8.1 153.1 27.4 88.2 1009.7 24.2 619.1  0.0 $SST 27.0 35.0 0  16.2
$GPS 11/08/11 14:57:00 0958.459 N 07614.108 E    3.68  98.29  74.9 $MET 11.5 1984.0  8.9  8.4 156.4 27.4 88.6 1009.7 23.1 599.6  0.0 $SST 27.0 35.1 0  15.9
$GPS 11/08/11 14:58:00 0958.477 N 07614.110 E    3.64  98.84  74.6 $MET 11.5 1984.0  8.4  8.4 154.4 27.5 88.2 1009.7 25.5 648.0  0.0 $SST 27.0 35.0 0  16.2
$GPS 11/08/11 14:59:00 0958.468 N 07614.126 E    3.60  99.57  73.6 $MET 11.5 1984.0  9.4  8.5 149.7 27.5 88.6 1009.6 26.4 629.6  0.0 $SST 27.0 35.0 0  16.5
$GPS 11/08/11 15:00:00 0958.487 N 07614.108 E    3.59  98.72  73.7 $MET 11.5 1984.0  9.0  8.5 147.3 27.4 88.6 1009.7 23.2 419.0  0.0 $SST 27.0 35.0 0  16.4
$GPS 11/08/11 15:01:00 0958.502 N 07614.107 E    3.52  98.56  74.6 $MET 11.5 1984.0  8.5  8.3 146.9 27.4 88.5 1009.8 25.4 395.9  0.0 $SST 27.1 35.0 0  16.0
$GPS 11/08/11 15:02:00 0958.510 N 07614.108 E    3.44 100.45  75.2 $MET 11.5 1984.0  8.4  8.1 144.0 27.3 88.0 1009.8 24.8 373.9  0.0 $SST 27.0 35.0 0  16.1
$GPS 11/08/11 15:03:00 0958.529 N 07614.093 E    3.36 100.60  75.7 $MET 11.5 1984.0  8.6  8.4 140.2 27.4 87.6 1009.8 23.4 351.7  0.0 $SST 27.0 35.0 0  16.2
$GPS 11/08/11 15:04:00 0958.517 N 07614.080 E    3.41  99.35  75.4 $MET 11.4 1984.0  9.6  8.6 139.1 27.4 87.3 1009.7 26.0 382.7  0.0 $SST 27.0 35.0 0  16.2
$GPS 11/08/11 15:05:00 0958.501 N 07614.062 E    3.47 100.72  75.6 $MET 11.5 1984.0  9.0  8.3 136.2 27.3 87.5 1009.7 25.1 427.4  0.0 $SST 27.1 35.0 0  16.0
$GPS 11/08/11 15:06:00 0958.526 N 07614.080 E    3.42  99.64  76.6 $MET 11.5 1984.0  8.9  8.1 135.8 27.3 87.4 1009.6 25.0 432.2  0.0 $SST 27.1 35.0 0  16.2
$GPS 11/08/11 15:07:00 0958.530 N 07614.055 E    3.48  99.65  77.3 $MET 11.5 1984.0  8.6  7.9 135.4 27.3 87.4 1009.6 24.2 361.4  0.0 $SST 27.1 35.0 0  16.6
$GPS 11/08/11 15:08:00 0958.511 N 07614.063 E    3.51 101.06  78.2 $MET 11.5 1984.0  8.1  7.6 136.3 27.2 87.4 1009.6 23.7 361.5  0.0 $SST 27.1 35.0 0  16.7
$GPS 11/08/11 15:09:00 0958.529 N 07614.043 E    3.61 101.04  77.9 $MET 11.5 1984.0  7.8  7.4 132.4 27.2 87.7 1009.7 24.4 364.3  0.0 $SST 27.1 35.0 0  16.6
$GPS 11/08/11 15:10:00 0958.554 N 07614.026 E    3.59 100.10  77.9 $MET 11.5 1984.0  7.9  7.3 131.2 27.2 87.9 1009.6 24.4 438.2  0.0 $SST 27.0 35.0 0  16.8
$GPS 11/08/11 15:11:00 0958.551 N 07614.004 E    3.60 100.18  77.3 $MET 11.5 1984.0  8.0  7.3 127.4 27.3 88.4 1009.6 23.0 403.5  0.0 $SST 27.0 35.0 0  16.4
$GPS 11/08/11 15:12:00 0958.531 N 07613.995 E    3.53  98.28  77.6 $MET 11.5 1984.0  7.5  7.5 126.2 27.4 88.2 1009.6 24.3 387.6  0.0 $SST 27.0 35.0 0  16.9
$GPS 11/08/11 15:13:00 0958.530 N 07613.991 E    3.48  98.67  76.7 $MET 11.5 1984.0  7.5  7.4 122.4 27.3 88.4 1009.6 24.7 360.3  0.0 $SST 27.0 35.0 0  16.5
$GPS 11/08/11 15:14:00 0958.539 N 07614.004 E    3.52  97.87  76.9 $MET 11.5 1984.0  7.4  7.3 125.2 27.3 88.6 1009.6 25.3 384.8  0.0 $SST 27.0 35.0 0  16.0
$GPS 11/08/11 15:15:00 0958.538 N 07614.019 E    3.60  98.84  76.1 $MET 11.5 1984.0  7.6  7.3 120.8 27.2 88.9 1009.7 23.1 447.6  0.0 $SST 27.0 35.0 0  16.0
$GPS 11/08/11 15:16:00 0958.567 N 07613.998 E    3.61 100.54  75.7 $MET 11.5 1984.0  7.6  7.1 123.2 27.1 88.8 1009.6 25.6 415.4  0.0 $SST 27.0 35.0 0  15.6
$GPS 11/08/11 15:17:00 0958.566 N 07613.997 E    3.61  99.56  76.6 $MET 11.5 1984.0  8.2  7.4 119.7 27.2 88.9 1009.5 24.7 382.4  0.0 $SST 26.9 35.0 0  15.3
$GPS 11/08/11 15:18:00 0958.556 N 07614.016 E    3.56 101.26  77.4 $MET 11.5 1984.0  7.3  7.2 121.5 27.1 88.4 1009.6 24.4 386.8  0.0 $SST 26.9 35.0 0  15.7
$GPS 11/08/11 15:19:00 0958.572 N 07614.019 E    3.59  99.75  77.8 $MET 11.5 1984.0  8.0  7.2 117.8 27.1 88.4 1009.6 25.5 363.8  0.0 $SST 26.9 35.0 0  16.0
$GPS 11/08/11 15:20:00 0958.596 N 07614.011 E    3.64 100.22  77.5 $MET 11.5 1984.0  7.6  7.2 119.8 27.1 88.2 1009.5 25.6 354.9  0.0 $SST 26.9 35.0 0  15.5
$GPS 11/08/11 15:21:00 0958.600 N 07614.002 E    3.57  99.67  78.3 $MET 11.5 1984.0  8.1  7.1 115.5 27.1 88.6 1009.5 25.1 426.7  0.0 $SST 26.9 35.0 0  15.7
$GPS 11/08/11 15:22:00 0958.619 N 07614.000 E    3.59  98.02  78.6 $MET 11.5 1984.0  8.1  7.3 112.6 27.0 88.4 1009.5 25.8 370.1  0.0 $SST 26.9 35.0 0  15.3
$GPS 11/08/11 15:23:00 0958.592 N 07613.977 E    3.65  98.65  78.9 $MET 11.5 1984.0  7.9  7.5 116.9 27.0 87.9 1009.4 23.3 362.4  0.0 $SST 26.9 35.0 0  15.0
$GPS 11/08/11 15:24:00 0958.600 N 07613.995 E    3.69  98.54  79.0 $MET 11.5 1984.0  8.0  7.7 118.6 27.0 88.4 1009.5 25.3 441.2  0.0 $SST 26.9 35.0 0  15.5
$GPS 11/08/11 15:25:00 0958.608 N 07613.981 E    3.64  98.97  78.7 $MET 11.5 1984.0  8.1  7.6 122.7 27.0 88.6 1009.6 24.2 384.8  0.0 $SST 26.9 35.0 0  15.8
$GPS 11/08/11 15:26:00 0958.631 N 07613.975 E    3.57  99.69  78.5 $MET 11.5 1984.0  8.6  7.8 122.8 26.9 88.5 1009.6 23.1 372.6  0.0 $SST 26.9 35.0 0  16.2
$GPS 11/08/11 15:27:00 0958.646 N 07613.946 E    3.50  98.85  79.2 $MET 11.5 1984.0  8.1  7.8 124.3 27.0 88.3 1009.5 24.3 391.9  0.0 $SST 26.9 35.0 0  16.0
$GPS 11/08/11 15:28:00 0958.640 N 07613.974 E    3.48 100.60  78.3 $MET 11.5 1984.0  7.9  7.8 123.5 27.0 88.4 1009.5 25.9 411.7  0.3 $SST 26.9 35.0 0  16.5
$GPS 11/08/11 15:29:00 0958.636 N 07613.984 E    3.48 100.32  77.5 $MET 11.5 1984.0  7.8  7.7 125.5 27.1 87.9 1009.6 23.8 436.4  0.0 $SST 26.9 35.0 0  16.4
$GPS 11/08/11 15:30:00 0958.626 N 07613.961 E    3.50  99.56  77.0 $MET 11.5 1984.0  8.2  7.7 129.1 27.0 87.8 1009.6 24.8 411.8  0.0 $SST 26.9 35.0 0  16.3
$GPS 11/08/11 15:31:00 0958.636 N 07613.939 E    3.46 100.13  77.2 $MET 11.5 1984.0  8.7  7.9 133.5 26.9 87.6 1009.6 22.5 383.3  0.0 $SST 26.9 35.0 0  16.2
$GPS 11/08/11 15:32:00 0958.644 N 07613.916 E    3.42 101.76  78.0 $MET 11.5 1984.0  8.3  7.8 129.4 26.9 87.7 1009.6 25.7 442.9  0.0 $SST 26.8 35.0 0  15.8
$GPS 11/08/11 15:33:00 0958.646 N 07613.892 E    3.52 100.18  78.9 $MET 11.5 1984.0  8.5  7.8 133.0 27.0 87.8 1009.6 26.0 430.2  0.0 $SST 26.9 35.0 0  15.4
$GPS 11/08/11 15:34:00 0958.638 N 07613.915 E    3.45 101.92  78.6 $MET 11.5 1984.0  8.2  7.8 131.0 27.1 87.9 1009.7 25.9 403.0  0.0 $SST 26.9 35.0 0  15.6
$GPS 11/08/11 15:35:00 0958.648 N 07613.906 E    3.44  99.93  77.7 $MET 11.5 1984.0  8.5  7.8 133.1 27.1 88.3 1009.7 23.4 419.6  0.0 $SST 26.9 35.0 0  15.7
$GPS 11/08/11 15:36:00 0958.676 N 07613.885 E    3.38  99.64  77.2 $MET 11.5 1984.0  8.0  7.6 134.6 27.1 88.6 1009.8 22.9 354.4  0.0 $SST 26.9 35.0 0  15.9
$GPS 11/08/11 15:37:00 0958.676 N 07613.870 E    3.32  97.76  77.8 $MET 11.5 1984.0  8.1  7.7 138.7 27.2 88.4 1009.8 25.4 426.4  0.0 $SST 26.9 35.0 0  15.4
$GPS 11/08/11 15:38:00 0958.698 N 07613.896 E    3.39  96.46  78.7 $MET 11.5 1984.0  8.5  8.0 134.3 27.1 88.4 1009.9 25.7 432.3  0.0 $SST 26.9 35.0 0  15.6
$GPS 11/08/11 15:39:00 0958.699 N 07613.908 E    3.42  94.92  79.6 $MET 11.5 1984.0  8.8  7.9 132.2 27.1 88.0 1009.9 25.0 444.5  0.0 $SST 26.9 35.0 0  15.9
$GPS 11/08/11 15:40:00 0958.716 N 07613.919 E    3.49  96.15  80.1 $MET 11.5 1984.0  8.8  8.1 133.2 27.1 87.8 1009.8 24.1 408.8  0.0 $SST 26.9 35.0 0  15.5
$GPS 11/08/11 15:41:00 0958.721 N 07613.918 E    3.45  95.74  80.6 $MET 11.5 1984.0  8.8  8.1 131.2 27.1 87.3 1009.9 25.8 390.3  0.0 $SST 27.0 35.0 0  15.7
$GPS 11/08/11 15:42:00 0958.716 N 07613.928 E    3.50  96.57  80.4 $MET 11.5 1984.0  8.2  7.8 127.2 27.1 87.2 1009.9 24.5 426.9  0.0 $SST 27.0 35.0 0  15.7
$GPS 11/08/11 15:43:00 0958.729 N 07613.928 E    3.41  96.17  79.7 $MET 11.5 1984.0  8.1  7.8 128.8 27.0 87.6 1009.9 22.2 431.4  0.0 $SST 27.0 35.0 0  15.5
$GPS 11/08/11 15:44:00 0958.754 N 07613.906 E    3.41  95.94  80.0 $MET 11.5 1984.0  8.3  7.6 125.1 27.1 87.7 1009.9 24.0 368.8  0.0 $SST 27.0 35.0 0  15.5
$GPS 11/08/11 15:45:00 0958.734 N 07613.922 E    3.51  96.45  80.3 $MET 11.5 1984.0  8.1  7.4 129.4 27.1 87.9 1009.9 22.5 408.8  0.0 $SST 27.0 35.0 0  15.0
$GPS 11/08/11 15:46:00 0958.740 N 07613.906 E    3.51  97.48  80.9 $MET 11.5 1984.0  8.4  7.6 129.5 27.1 88.0 1009.9 25.0 429.3  0.0 $SST 27.0 35.0 0  14.6
$GPS 11/08/11 15:47:00 0958.746 N 07613.895 E    3.55  96.37  81.4 $MET 11.5 1984.0  7.6  7.3 128.2 27.1 88.1 1009.8 23.3 396.5  0.0 $SST 27.0 35.0 0  14.3
$GPS 11/08/11 15:48:00 0958.772 N 07613.907 E    3.53  97.04  81.2 $MET 11.5 1984.0  7.2  7.1 132.7 27.0 88.1 1009.9 25.0 393.6  0.0 $SST 26.9 35.0 0  14.2
$GPS 11/08/11 15:49:00 0958.777 N 07613.891 E    3.52  96.13  81.0 $MET 11.5 1984.0  7.0  7.0 131.8 27.1 88.1 1009.8 25.8 414.1  0.0 $SST 26.9 35.0 0  14.3
$GPS 11/08/11 15:50:00 0958.775 N 07613.881 E    3.47  97.81  81.2 $MET 11.5 1984.0  7.5  7.2 134.1 27.1 87.8 1009.8 25.5 409.3  0.0 $SST 26.9 35.0 0  13.9
$GPS 11/08/11 15:51:00 0958.802 N 07613.879 E    3.43  99.17  81.7 $MET 11.5 1984.0  7.5  7.5 138.5 27.2 87.5 1009.8 25.9 408.8  0.0 $SST 26.8 35.0 0  14.1
$GPS 11/08/11 15:52:00 0958.814 N 07613.866 E    3.52  98.98  81.0 $MET 11.5 1984.0  8.0  7.4 137.6 27.3 87.2 1009.9 23.6 385.6  0.0 $SST 26.9 35.0 0  14.4
$GPS 11/08/11 15:53:00 0958.814 N 07613.887 E    3.58  97.10  80.9 $MET 11.5 1984.0  8.3  7.4 142.4 27.2 87.0 1010.0 25.9 441.8  0.0 $SST 26.9 35.0 0  14.9
$GPS 11/08/11 15:54:00 0958.840 N 07613.868 E    3.63  97.19  81.1 $MET 11.5 1984.0  7.2  7.2 140.5 27.1 87.3 1010.0 25.1 445.3  0.0 $SST 26.9 35.0 0  14.6
$GPS 11/08/11 15:55:00 0958.861 N 07613.851 E    3.57  96.95  81.8 $MET 11.5 1984.0  7.5  7.1 145.2 27.1 86.9 1010.0 25.3 402.8  0.0 $SST 26.9 34.9 0  14.7
$GPS 11/08/11 15:56:00 0958.878 N 07613.864 E    3.58  98.14  81.0 $MET 11.5 1984.0  7.4  7.2 141.1 27.1 87.2 1010.0 22.9 439.4  0.0 $SST 26.8 34.9 0  14.4
$GPS 11/08/11 15:57:00 0958.885 N 07613.837 E    3.67  98.58  82.0 $MET 11.5 1984.0  8.2  7.4 139.5 27.2 87.1 1010.0 25.9 407.3  0.2 $SST 26.9 34.9 0  14.2
$GPS 11/08/11 15:58:00 0958.913 N 07613.828 E    3.76  97.70  82.1 $MET 11.5 1984.0  8.0  7.5 135.9 27.2 87.3 1010.1 24.1 432.2  0.0 $SST 26.8 34.9 0  14.1
$GPS 11/08/11 15:59:00 0958.883 N 07613.858 E    3.69  97.90  81.4 $MET 11.5 1984.0  8.1  7.8 139.8 27.2 87.7 1010.1 25.2 377.3  0.0 $SST 26.8 34.9 0  14.5
$GPS 11/08/11 16:00:00 0958.877 N 07613.839 E    3.64  96.10  81.3 $MET 11.5 1984.0  8.4  8.0 137.7 27.1 87.8 1010.2 24.4 214.9  0.0 $SST 26.8 34.9 0  14.9

